Starting program at Mon Jan 10 14:51:17 2022

Parameter: CUDA_PLAYOUT, n_playout, N_SIMULATION, EXPAND_BASE

Parameter, 1, 2, 100, 20
play, 0
 0, 216.666,  11.487
 2, 201.900,  11.019
 4, 190.785,  10.515
 6, 179.910,  10.205
 8, 168.815,   9.781
10, 156.819,   9.395
12, 145.144,   8.922
14, 132.533,   8.356
16, 122.719,   7.982
18, 111.875,   7.459
20, 102.321,   7.066
22,  92.603,   6.606
24,  83.420,   6.116
26,  74.855,   5.679
28,  66.513,   5.245
30,  58.726,   4.841
32,  51.289,   4.390
34,  43.783,   3.873
36,  37.593,   3.456
38,  31.081,   2.961
40,  26.479,   2.598
42,  21.346,   2.212
44,  16.761,   1.857
46,  13.003,   1.537
48,   9.336,   1.184
50,   6.754,   0.952
52,   4.012,   0.647
54,   2.145,   0.420
56,   0.881,   0.249
58,   0.320,   0.102

play, 1
 0, 217.344,  11.442
 2, 204.069,  11.029
 4, 194.058,  10.766
 6, 179.331,  10.203
 8, 168.046,   9.813
10, 156.676,   9.304
12, 144.931,   8.791
14, 134.228,   8.356
16, 122.808,   7.797
18, 112.171,   7.291
20, 102.280,   6.887
22,  91.258,   6.358
24,  82.734,   5.897
26,  73.616,   5.320
28,  65.564,   4.894
30,  57.115,   4.424
32,  49.963,   4.030
34,  42.913,   3.644
36,  36.319,   3.224
38,  31.100,   2.867
40,  25.576,   2.475
42,  20.837,   2.076
44,  16.785,   1.778
46,  12.780,   1.460
48,   9.636,   1.193
50,   6.757,   0.908
52,   4.248,   0.672
54,   2.318,   0.464
56,   0.975,   0.280
58,   0.323,   0.103

play, 2
 0, 217.768,  11.452
 2, 206.972,  11.132
 4, 193.935,  10.698
 6, 181.815,  10.238
 8, 168.716,   9.709
10, 155.534,   9.218
12, 142.933,   8.684
14, 131.233,   8.188
16, 121.012,   7.681
18, 110.284,   7.215
20, 100.211,   6.776
22,  90.946,   6.329
24,  82.715,   5.941
26,  74.035,   5.521
28,  65.466,   4.991
30,  58.248,   4.560
32,  51.064,   4.180
34,  43.943,   3.753
36,  37.273,   3.263
38,  31.515,   2.865
40,  26.152,   2.472
42,  20.801,   2.066
44,  16.867,   1.767
46,  13.077,   1.464
48,  10.187,   1.192
50,   6.837,   0.908
52,   4.419,   0.693
54,   2.618,   0.487
56,   1.068,   0.298
58,   0.390,   0.137
59,   0.279,   0.080

play, 3
 0, 219.220,  11.483
 2, 206.671,  11.083
 4, 193.961,  10.664
 6, 182.038,  10.297
 8, 169.382,   9.814
10, 158.119,   9.368
12, 145.428,   8.848
14, 134.497,   8.390
16, 122.386,   7.925
18, 112.581,   7.458
20, 102.300,   6.903
22,  92.844,   6.410
24,  82.899,   5.977
26,  74.286,   5.516
28,  66.225,   5.038
30,  57.521,   4.466
32,  50.973,   4.120
34,  43.755,   3.618
36,  37.323,   3.208
38,  31.660,   2.800
40,  26.276,   2.461
42,  21.461,   2.098
44,  16.995,   1.771
46,  12.573,   1.422
48,   9.331,   1.142
50,   6.577,   0.877
52,   4.152,   0.667
54,   2.490,   0.461
56,   0.972,   0.249
58,   0.459,   0.170
59,   0.278,   0.080

play, 4
 0, 220.157,  11.529
 2, 207.129,  11.113
 4, 194.626,  10.649
 6, 181.594,  10.256
 8, 169.983,   9.826
10, 158.647,   9.397
12, 146.639,   8.924
14, 134.838,   8.459
16, 123.355,   7.930
18, 113.191,   7.411
20, 102.928,   6.939
22,  92.593,   6.413
24,  84.145,   6.016
26,  74.824,   5.481
28,  66.428,   5.031
30,  58.412,   4.565
32,  51.372,   4.152
34,  44.225,   3.682
36,  37.246,   3.234
38,  31.265,   2.810
40,  26.339,   2.454
42,  21.307,   2.097
44,  16.868,   1.767
46,  12.880,   1.475
48,   9.795,   1.200
50,   6.915,   0.949
52,   4.464,   0.690
54,   2.412,   0.472
56,   1.172,   0.298
57,   0.652,   0.216
58,   0.457,   0.171
59,   0.278,   0.080


Parameter, 1, 4, 100, 20
play, 0
 0, 219.393,  23.021
 2, 207.704,  22.263
 4, 192.666,  21.287
 6, 180.966,  20.467
 8, 170.668,  19.804
10, 159.533,  19.018
12, 147.436,  18.078
14, 135.972,  17.119
16, 123.153,  15.889
18, 114.110,  15.002
20, 104.062,  14.210
22,  93.349,  13.029
24,  83.647,  12.044
26,  75.584,  11.302
28,  66.533,  10.235
30,  58.018,   9.155
32,  50.259,   8.174
34,  44.360,   7.454
36,  37.290,   6.544
38,  31.129,   5.688
40,  26.471,   5.057
42,  21.511,   4.370
44,  17.229,   3.721
46,  13.474,   3.098
48,  10.382,   2.535
50,   7.167,   2.006
51,   6.303,   1.773
52,   4.924,   1.486
53,   3.602,   1.211
54,   2.370,   0.949
56,   0.956,   0.529
58,   0.324,   0.205

play, 1
 0, 217.591,  22.878
 2, 207.206,  22.194
 4, 192.605,  21.246
 6, 179.478,  20.220
 8, 168.272,  19.322
10, 154.783,  18.400
12, 143.910,  17.593
14, 133.483,  16.616
16, 120.436,  15.502
18, 109.058,  14.478
20, 101.096,  13.740
22,  91.714,  12.789
24,  82.755,  11.868
26,  73.493,  10.899
28,  65.422,   9.956
30,  57.319,   8.971
32,  50.196,   8.115
34,  43.365,   7.259
36,  36.935,   6.520
38,  30.968,   5.759
40,  25.853,   5.087
42,  20.813,   4.308
44,  16.638,   3.605
46,  13.005,   2.983
48,   9.610,   2.374
50,   6.786,   1.828
52,   4.397,   1.387
54,   2.462,   0.975
55,   1.774,   0.788
57,   0.515,   0.339
59,   0.279,   0.159

play, 2
 0, 219.239,  22.963
 2, 205.701,  22.067
 4, 194.313,  21.306
 6, 181.828,  20.552
 8, 170.353,  19.753
10, 156.523,  18.747
12, 145.708,  17.826
14, 134.186,  16.892
16, 124.403,  16.002
18, 113.131,  15.009
20, 102.555,  13.906
22,  92.878,  13.064
24,  83.120,  12.075
26,  73.155,  10.986
28,  66.423,  10.170
30,  58.598,   9.391
32,  50.405,   8.443
34,  43.934,   7.605
36,  36.565,   6.624
38,  31.664,   5.962
40,  26.597,   5.158
42,  21.513,   4.439
44,  17.280,   3.718
46,  13.280,   3.051
48,  10.098,   2.414
50,   7.236,   1.902
51,   5.632,   1.599
52,   4.534,   1.360
53,   3.558,   1.142
55,   2.053,   0.787
56,   1.055,   0.589
58,   0.301,   0.185

play, 3
 0, 216.121,  22.750
 2, 205.263,  22.012
 4, 190.782,  20.880
 6, 170.971,  19.350
 8, 159.007,  18.381
10, 151.293,  17.660
12, 141.042,  16.692
14, 130.718,  15.749
16, 118.352,  14.625
18, 109.744,  13.785
20, 100.861,  13.178
22,  90.605,  12.240
24,  81.089,  11.286
26,  73.048,  10.523
28,  65.752,   9.862
30,  57.944,   9.124
32,  50.812,   8.313
34,  43.233,   7.470
36,  37.289,   6.712
38,  31.680,   5.934
40,  26.288,   5.195
42,  21.245,   4.431
44,  16.748,   3.681
46,  12.883,   3.090
48,   9.422,   2.464
50,   6.717,   1.897
52,   4.347,   1.389
54,   2.405,   0.962
56,   0.865,   0.530
58,   0.302,   0.188

play, 4
 0, 218.531,  22.836
 2, 207.288,  22.232
 4, 193.766,  21.263
 6, 180.062,  20.151
 8, 167.619,  19.190
10, 155.500,  18.237
12, 142.894,  17.277
14, 132.198,  16.371
16, 120.770,  15.314
18, 110.661,  14.441
20, 101.453,  13.586
22,  90.254,  12.548
24,  82.821,  11.726
26,  74.620,  11.008
28,  66.413,  10.128
30,  58.377,   9.283
32,  50.921,   8.294
34,  43.739,   7.300
36,  37.591,   6.405
38,  31.951,   5.649
40,  26.465,   4.982
42,  21.739,   4.275
44,  17.096,   3.570
46,  12.960,   2.921
48,   9.628,   2.312
50,   7.490,   1.899
51,   5.968,   1.627
53,   3.427,   1.165
55,   1.857,   0.769
57,   0.401,   0.245
59,   0.278,   0.157


Parameter, 1, 8, 100, 20
play, 0
 0, 217.557,  45.650
 2, 205.544,  44.195
 4, 193.438,  42.573
 6, 179.844,  40.415
 8, 164.768,  38.087
10, 156.029,  36.997
12, 145.211,  35.277
14, 132.319,  33.217
16, 123.183,  31.690
18, 113.045,  29.789
20, 102.987,  27.889
22,  90.695,  25.396
24,  82.527,  23.746
26,  72.913,  21.780
28,  65.961,  20.364
30,  57.122,  18.257
32,  49.696,  16.583
34,  43.035,  14.653
36,  36.003,  12.822
38,  30.800,  11.388
40,  25.690,   9.965
42,  21.069,   8.490
44,  16.986,   7.133
46,  13.398,   5.971
48,   9.576,   4.675
50,   6.862,   3.634
52,   4.705,   2.853
53,   3.424,   2.295
55,   1.769,   1.500
57,   0.677,   0.812
58,   0.392,   0.551

play, 1
 0, 215.258,  45.441
 2, 205.647,  44.008
 4, 189.723,  41.720
 6, 174.876,  39.424
 8, 163.802,  37.768
10, 155.882,  36.683
12, 144.046,  34.832
14, 131.318,  32.429
16, 121.915,  30.989
18, 111.007,  29.104
20, 102.024,  27.697
22,  92.896,  25.943
24,  82.125,  23.568
26,  74.349,  22.043
28,  64.917,  19.863
30,  56.366,  17.852
32,  48.029,  15.774
34,  43.051,  14.674
36,  36.534,  12.941
38,  30.439,  11.082
40,  25.613,  10.034
42,  19.620,   8.243
44,  16.083,   7.173
46,  12.724,   6.108
48,   9.438,   5.091
50,   6.179,   3.749
52,   4.320,   2.862
54,   2.429,   1.930
56,   0.858,   1.052
58,   0.302,   0.375

play, 2
 0, 217.487,  45.584
 2, 203.993,  43.902
 4, 190.882,  41.861
 6, 178.357,  40.187
 8, 166.026,  38.210
10, 155.199,  36.409
12, 142.854,  34.427
14, 130.592,  32.251
16, 121.413,  30.800
18, 111.824,  29.146
20, 101.628,  27.491
22,  92.392,  25.910
24,  81.242,  23.608
26,  74.106,  21.908
28,  65.934,  20.041
30,  58.531,  18.274
32,  50.239,  16.326
34,  43.342,  14.656
36,  37.476,  13.225
38,  31.976,  11.716
40,  26.489,  10.225
42,  21.472,   8.751
44,  16.724,   7.251
46,  13.272,   6.086
48,   9.945,   4.867
50,   7.099,   3.775
52,   4.489,   2.752
54,   2.439,   1.875
56,   0.974,   1.126
58,   0.461,   0.684
59,   0.279,   0.317

play, 3
 0, 216.629,  45.599
 2, 204.025,  43.966
 4, 192.573,  42.288
 6, 173.698,  39.638
 8, 167.469,  38.787
10, 156.760,  37.135
12, 143.925,  34.982
14, 132.640,  33.131
16, 122.288,  31.881
18, 111.450,  29.324
20, 100.976,  27.447
22,  90.366,  25.444
24,  83.353,  23.961
26,  74.534,  22.054
28,  65.654,  20.072
30,  58.025,  18.354
32,  50.063,  16.386
34,  43.148,  14.644
36,  36.701,  13.149
38,  31.014,  11.530
40,  25.824,  10.057
42,  21.032,   8.675
44,  16.886,   7.263
46,  12.925,   6.122
48,   9.494,   4.799
50,   6.556,   3.741
52,   4.209,   2.721
54,   2.500,   1.942
56,   0.994,   1.086
58,   0.390,   0.542

play, 4
 0, 218.529,  45.837
 2, 204.726,  43.995
 4, 188.851,  41.636
 6, 180.730,  40.552
 8, 167.423,  38.472
10, 152.018,  35.765
12, 143.242,  34.273
14, 131.342,  32.241
16, 120.459,  30.444
18, 109.886,  28.411
20, 100.024,  26.399
22,  90.641,  24.779
24,  82.261,  23.231
26,  71.651,  20.915
28,  64.762,  19.478
30,  58.209,  17.939
32,  49.528,  15.833
34,  41.785,  14.007
36,  36.926,  12.658
38,  31.442,  11.299
40,  26.097,   9.929
42,  21.305,   8.508
44,  16.692,   7.181
46,  13.181,   6.043
48,   9.822,   4.811
50,   6.690,   3.689
52,   4.884,   2.850
53,   3.533,   2.298
54,   2.550,   1.870
56,   1.092,   1.092
58,   0.392,   0.544


Parameter, 1, 16, 100, 20
play, 0
 0, 218.225,  91.541
 2, 202.999,  87.312
 4, 188.730,  83.265
 6, 180.852,  81.713
 8, 167.710,  77.561
10, 157.589,  74.159
12, 142.717,  69.063
14, 130.511,  64.199
16, 122.664,  61.521
18, 109.285,  56.577
20, 101.405,  53.757
22,  91.482,  50.130
24,  81.121,  46.116
26,  73.735,  43.006
28,  65.326,  39.404
30,  57.696,  35.820
32,  50.119,  32.130
34,  43.151,  28.475
36,  37.539,  25.477
38,  31.778,  22.653
40,  26.021,  19.307
42,  21.413,  16.786
44,  16.940,  13.859
46,  13.034,  11.468
48,   9.608,   9.140
50,   6.696,   7.074
52,   4.091,   5.036
54,   2.439,   3.645
56,   0.928,   1.965
58,   0.325,   0.804

play, 1
 0, 217.399,  91.276
 2, 202.364,  87.191
 4, 194.411,  84.996
 6, 175.769,  78.885
 8, 166.894,  76.423
10, 150.730,  71.127
12, 142.553,  68.747
14, 128.928,  64.487
16, 118.554,  60.895
18, 111.743,  58.548
20,  99.425,  53.393
22,  91.827,  50.431
24,  79.678,  45.363
26,  72.950,  42.444
28,  63.334,  37.505
30,  57.037,  34.851
32,  50.162,  31.459
34,  43.573,  27.653
36,  37.421,  24.293
38,  31.703,  21.901
40,  26.250,  19.236
42,  21.364,  16.441
44,  17.073,  13.632
46,  13.074,  11.252
48,  10.051,   8.933
50,   6.732,   6.941
52,   4.291,   5.271
54,   2.479,   3.767
56,   1.101,   2.231
58,   0.395,   1.093
59,   0.281,   0.636

play, 2
 0, 217.635,  91.422
 2, 200.758,  86.919
 4, 188.953,  83.381
 6, 180.930,  81.674
 8, 167.968,  77.577
10, 155.978,  74.185
12, 144.268,  70.730
14, 131.719,  66.282
16, 121.477,  62.651
18, 110.615,  58.593
20,  98.429,  53.862
22,  90.877,  51.250
24,  83.510,  48.314
26,  75.350,  45.140
28,  66.319,  41.332
30,  59.060,  37.917
32,  50.424,  33.991
34,  44.263,  30.912
36,  36.504,  27.017
38,  31.752,  24.363
40,  24.606,  20.028
42,  20.455,  17.417
44,  17.113,  15.227
46,  13.309,  12.512
48,   9.646,   9.946
50,   6.963,   7.785
52,   4.547,   5.807
54,   2.538,   3.876
55,   1.679,   3.015
57,   0.604,   1.585
58,   0.325,   0.825

play, 3
 0, 215.413,  90.686
 2, 205.237,  88.038
 4, 189.651,  83.959
 6, 180.859,  81.930
 8, 170.286,  78.859
10, 154.679,  74.180
12, 146.435,  71.414
14, 133.780,  67.378
16, 123.110,  63.555
18, 111.169,  59.030
20,  99.919,  54.369
22,  91.951,  51.425
24,  83.249,  47.549
26,  72.662,  42.616
28,  64.037,  38.515
30,  56.861,  35.148
32,  50.396,  32.239
34,  42.610,  28.635
36,  36.440,  25.487
38,  31.305,  22.681
40,  24.447,  18.647
42,  20.551,  16.246
44,  15.890,  13.509
46,  12.216,  11.014
48,   9.487,   9.124
50,   6.602,   6.987
52,   4.347,   5.333
54,   2.468,   3.809
56,   0.995,   2.170
58,   0.461,   1.358
59,   0.279,   0.635

play, 4
 0, 216.290,  90.933
 2, 201.542,  86.778
 4, 190.174,  83.539
 6, 175.958,  79.894
 8, 167.165,  77.482
10, 152.728,  73.098
12, 142.400,  69.785
14, 131.111,  65.717
16, 118.642,  60.808
18, 107.291,  56.162
20,  99.060,  52.747
22,  90.505,  49.690
24,  80.906,  45.949
26,  72.599,  42.594
28,  64.606,  39.216
30,  57.798,  35.903
32,  49.611,  32.483
34,  42.773,  28.998
36,  36.689,  26.219
38,  31.354,  23.523
40,  25.447,  20.174
42,  19.723,  16.791
44,  16.951,  14.934
46,  13.016,  12.355
48,   9.758,  10.077
50,   6.850,   7.729
52,   4.454,   5.672
54,   2.637,   3.972
56,   1.047,   2.349
58,   0.463,   1.406
59,   0.279,   0.636


Parameter, 1, 32, 100, 20
play, 0
 0, 213.375, 180.706
 2, 199.939, 173.935
 4, 186.865, 164.961
 6, 176.450, 159.421
 8, 165.241, 152.170
10, 151.363, 143.236
12, 138.492, 133.763
14, 127.087, 125.552
16, 120.823, 122.674
18, 109.265, 115.295
20,  99.876, 107.351
22,  89.037,  98.473
24,  78.663,  90.766
26,  71.931,  85.217
28,  62.556,  76.612
30,  55.124,  69.560
32,  50.345,  65.503
34,  42.300,  57.988
36,  36.017,  51.212
38,  30.460,  44.087
40,  26.109,  39.082
42,  20.970,  33.182
44,  16.737,  27.985
46,  13.858,  23.755
48,  10.829,  18.959
50,   7.512,  14.622
52,   4.976,  10.927
54,   2.824,   7.395
56,   1.208,   4.236
58,   0.357,   1.651

play, 1
 0, 213.826, 180.418
 2, 205.791, 177.280
 4, 189.690, 168.422
 6, 183.250, 164.701
 8, 167.373, 149.983
10,  84.486,  56.593
12,  11.357,   8.709

play, 2
 0, 214.356, 181.238
 2, 200.340, 172.789
 4, 190.196, 168.198
 6, 181.470, 162.709
 8, 165.706, 152.900
10, 155.029, 146.272
12, 142.623, 138.835
14, 131.897, 132.250
16, 117.826, 121.841
18, 107.736, 114.284
20,  97.406, 105.803
22,  90.571, 100.905
24,  81.335,  93.032
26,  72.672,  85.395
28,  64.211,  77.308
30,  56.733,  70.461
32,  49.020,  62.658
34,  41.281,  54.491
36,  35.602,  47.956
38,  30.514,  42.457
40,  25.432,  37.132
42,  21.140,  31.086
44,  16.913,  27.092
46,  13.567,  23.250
48,  10.898,  19.402
50,   7.843,  15.509
52,   5.113,  11.586
54,   2.735,   7.554
56,   1.097,   4.091
58,   0.330,   1.488

play, 3
 0, 212.949, 180.457
 2, 200.739, 173.900
 4, 191.994, 169.341
 6, 176.905, 160.213
 8, 163.019, 150.828
10, 150.621, 142.308
12, 137.255, 133.717
14, 126.240, 123.711
16, 118.079, 119.277
18, 107.044, 111.369
20,  96.710, 104.531
22,  91.141, 100.686
24,  81.022,  93.347
26,  72.516,  85.347
28,  64.851,  78.986
30,  55.923,  71.645
32,  49.072,  64.869
34,  43.567,  59.457
36,  37.513,  53.054
38,  31.388,  46.755
40,  25.306,  39.476
42,  21.073,  34.570
44,  16.954,  29.387
46,  13.894,  24.520
48,  10.754,  19.459
50,   7.028,  13.959
52,   4.723,  10.578
54,   2.906,   7.621
56,   1.374,   4.608
57,   0.688,   3.097
59,   0.303,   1.246

play, 4
 0, 214.297, 180.607
 2, 204.502, 175.057
 4, 191.929, 169.099
 6, 180.154, 163.389
 8, 169.911, 157.599
10, 152.906, 147.204
12, 144.470, 142.217
14, 131.489, 133.103
16, 121.654, 126.206
18, 111.395, 118.847
20,  99.882, 109.144
22,  90.448, 102.702
24,  80.052,  92.743
26,  73.352,  87.179
28,  63.831,  78.710
30,  56.400,  70.756
32,  50.019,  64.561
34,  43.641,  58.244
36,  36.252,  50.933
38,  30.470,  44.441
40,  25.388,  38.832
42,  21.004,  34.039
44,  16.902,  28.885
46,  13.474,  23.685
48,  10.647,  18.984
50,   7.701,  14.908
52,   5.039,  11.107
54,   3.014,   7.760
56,   1.176,   4.555
58,   0.435,   2.222


Parameter, 1, 64, 100, 20
play, 0
 0, 216.636, 364.092
 2, 201.727, 348.145
 4, 188.326, 334.336
 6, 171.487, 311.976
 8, 161.953, 302.943
10, 155.830, 296.648
12, 139.943, 274.368
14, 129.908, 259.448
16, 121.279, 248.318
18, 107.502, 225.910
20,  99.790, 216.464
22,  88.261, 194.813
24,  81.951, 181.148
26,  78.533, 160.795
28,  73.799, 153.073
30,  64.589, 140.981
32,  53.580, 124.376
34,  47.572, 114.807
36,  39.395,  95.873
38,  34.019,  86.885
40,  29.194,  78.656
42,  23.664,  68.367
44,  19.136,  58.509
46,  13.726,  45.228
48,  10.776,  37.573
50,   7.603,  29.562
52,   4.685,  20.820
54,   2.171,  12.694
56,   0.939,   8.447
58,   0.331,   2.975

play, 1
 0, 211.645, 360.867
 2, 201.629, 350.717
 4, 190.581, 339.767
 6, 173.970, 321.144
 8, 164.945, 308.608
10, 153.930, 295.741
12, 139.783, 277.433
14, 127.981, 260.595
16, 119.863, 250.279
18, 110.916, 236.667
20,  99.575, 221.198
22,  91.024, 206.485
24,  83.428, 193.821
26,  80.381, 171.941
28,  72.238, 154.650
30,  64.167, 141.737
32,  53.758, 126.711
34,  46.178, 116.288
36,  39.956, 103.180
38,  35.071,  91.980
40,  27.546,  76.225
42,  22.008,  64.897
44,  18.612,  58.303
46,  13.207,  45.394
48,  10.759,  39.524
50,   7.463,  30.169
52,   4.354,  19.951
54,   2.732,  14.633
56,   1.018,   8.433
58,   0.357,   3.230

play, 2
 0, 210.670, 359.570
 2, 199.497, 349.268
 4, 188.521, 337.852
 6, 176.567, 323.776
 8, 167.739, 312.647
10, 150.309, 290.181
12, 141.835, 280.569
14, 130.117, 264.562
16, 119.381, 249.199
18, 107.021, 230.241
20, 102.029, 223.738
22,  90.305, 203.374
24,  81.953, 180.817
26,  81.177, 169.284
28,  69.697, 149.067
30,  59.024, 129.804
32,  50.756, 119.707
34,  45.537, 112.721
36,  39.478,  99.121
38,  35.002,  90.522
40,  27.853,  76.689
42,  22.548,  64.712
44,  19.352,  57.480
46,  14.960,  47.351
48,  11.251,  37.472
50,   7.553,  28.998
52,   4.592,  22.788
54,   2.517,  14.457
56,   0.982,   7.232
57,   0.537,   2.977

play, 3
 0, 216.114, 364.913
 2, 200.045, 347.988
 4, 188.856, 333.587
 6, 176.236, 319.362
 8, 160.980, 298.135
10, 152.280, 288.388
12, 139.378, 274.082
14, 127.146, 256.711
16, 118.711, 247.997
18, 107.605, 231.812
20,  95.873, 212.190
22,  86.740, 197.080
24,  82.205, 183.164
26,  79.710, 168.202
28,  72.506, 153.404
30,  61.272, 134.818
32,  55.335, 127.618
34,  44.028, 111.824
36,  37.989,  97.519
38,  33.637,  88.311
40,  26.631,  72.926
42,  22.396,  65.049
44,  17.123,  54.557
46,  13.987,  47.525
48,  10.992,  39.843
50,   7.669,  30.391
52,   5.036,  22.997
54,   2.550,  14.143
56,   1.065,   8.003
58,   0.356,   3.224

play, 4
 0, 216.626, 365.602
 2, 203.938, 352.480
 4, 189.150, 335.995
 6, 176.633, 322.747
 8, 165.883, 311.344
10, 154.382, 297.875
12, 142.570, 282.574
14, 132.550, 267.128
16, 117.158, 244.587
18, 106.375, 229.487
20,  97.784, 214.781
22,  89.030, 199.331
24,  82.323, 186.352
26,  77.878, 165.329
28,  71.274, 154.332
30,  62.803, 141.709
32,  53.271, 126.627
34,  45.282, 117.298
36,  38.708,  99.703
38,  35.007,  90.615
40,  27.412,  74.782
42,  21.523,  62.306
44,  17.343,  51.990
46,  14.868,  45.943
48,  10.975,  37.368
50,   7.474,  28.940
52,   4.946,  21.304
54,   2.767,  15.145
56,   1.167,   8.787
58,   0.332,   2.933


Parameter, 1, 128, 100, 20
play, 0
 0, 214.800, 727.345
 2, 200.738, 695.736
 4, 187.892, 664.257
 6, 170.971, 618.330
 8, 161.683, 599.692
10, 154.648, 587.497
12, 137.978, 541.684
14, 129.925, 513.189
16, 117.566, 475.401
18, 104.079, 438.664
20,  95.829, 410.827
22,  87.355, 384.611
24,  83.532, 358.811
26,  81.526, 337.695
28,  72.988, 308.885
30,  63.452, 277.689
32,  54.920, 246.588
34,  47.965, 219.971
36,  41.481, 198.719
38,  35.577, 176.227
40,  29.636, 156.109
42,  24.136, 133.482
44,  19.346, 112.119
46,  15.086,  91.279
48,  11.446,  74.437
49,   9.227,  63.877
50,   7.775,  56.683
51,   6.009,  47.907
53,   3.667,  34.764
55,   1.581,  20.303
57,   0.529,   9.895
59,   0.305,   5.048

play, 1
 0, 210.866, 723.398
 2, 200.079, 699.094
 4, 184.433, 660.611
 6, 173.770, 632.803
 8, 157.950, 589.361
10, 146.049, 553.063
12, 139.089, 530.689
14, 125.464, 486.048
16, 113.280, 452.890
18, 101.839, 420.442
20,  92.785, 392.789
22,  86.378, 367.980
24,  83.941, 341.359
26,  76.830, 310.059
28,  71.446, 292.755
30,  62.758, 267.862
32,  55.369, 241.602
34,  49.145, 223.030
36,  42.577, 198.975
38,  35.961, 174.997
40,  29.811, 150.656
41,  27.859, 138.683
42,  24.933, 124.462
43,  22.112, 103.824
45,  15.476,  70.788
46,   9.120,  48.755
47,   1.871,   8.239

play, 2
 0, 213.378, 728.325
 2, 196.875, 688.645
 4, 184.810, 666.209
 6, 175.854, 646.932
 8, 163.106, 616.826
10, 149.353, 582.432
12, 139.150, 558.514
14, 128.914, 527.854
16, 119.741, 489.943
18, 106.621, 460.127
20,  96.965, 430.377
22,  88.088, 402.076
24,  83.597, 378.070
26,  80.034, 340.857
28,  74.008, 322.475
30,  62.510, 280.624
32,  55.226, 255.927
34,  47.075, 228.762
36,  38.923, 193.449
38,  33.714, 174.756
40,  27.955, 152.715
42,  23.218, 134.369
44,  18.463, 109.997
46,  13.748,  88.682
48,  11.120,  76.977
50,   7.833,  59.891
52,   5.070,  44.222
54,   2.919,  30.403
56,   1.244,  18.206
57,   0.585,  11.263
59,   0.305,   5.049

play, 3
 0, 209.556, 719.547
 2, 196.926, 693.751
 4, 184.799, 668.851
 6, 173.248, 635.791
 8, 165.587, 619.974
10, 151.155, 585.003
12, 139.595, 555.260
14, 130.219, 531.293
16, 120.908, 496.370
18, 104.581, 457.965
20,  95.048, 427.293
22,  87.626, 403.629
24,  82.682, 371.803
26,  79.418, 338.371
28,  70.327, 302.955
30,  61.992, 276.803
32,  55.268, 259.574
34,  48.711, 238.267
36,  41.485, 211.383
38,  33.616, 177.837
40,  27.551, 153.507
42,  22.565, 133.107
44,  18.676, 112.672
46,  15.461,  96.905
48,  11.567,  79.239
50,   8.052,  63.366
52,   5.709,  48.626
53,   4.536,  39.700
54,   3.064,  30.877
56,   1.712,  21.061
58,   0.358,   6.554

play, 4
 0, 210.357, 719.992
 2, 196.990, 692.935
 4, 185.942, 669.402
 6, 176.713, 649.494
 8, 161.880, 615.212
10, 149.167, 579.963
12, 139.631, 556.297
14, 127.563, 513.841
16, 114.789, 476.900
18, 106.779, 458.704
20,  97.985, 433.816
22,  86.759, 391.334
24,  83.735, 362.295
26,  80.921, 338.708
28,  68.550, 291.974
30,  61.188, 263.813
32,  53.154, 233.776
34,  45.791, 210.843
36,  39.265, 188.874
38,  33.384, 166.718
40,  29.657, 151.469
42,  23.594, 130.933
44,  19.231, 112.492
45,  16.809, 103.528
46,  14.454,  94.504
48,  10.863,  77.994
50,   7.660,  61.749
52,   5.293,  45.745
54,   3.131,  32.808
56,   1.348,  20.885
58,   0.512,  10.894
59,   0.305,   5.000


Program end at Mon Jan 10 19:43:39 2022

